0 0.239375 0.977486 0.05125 0.0450281 0.431134
0 0.983125 0.562852 0.03375 0.153846 0.432894
0 0.153125 0.907129 0.05875 0.114447 0.470228
0 0.736875 0.505629 0.03125 0.0469043 0.504068
0 0.08375 0.271107 0.04 0.065666 0.528824
0 0.17125 0.542214 0.06 0.108818 0.61005
1 0.92375 0.0515947 0.0475 0.0769231 0.641637
0 0.634375 0.236398 0.04875 0.0938086 0.694026
0 0.106875 0.395872 0.04375 0.0787992 0.696884
0 0.916875 0.673546 0.04625 0.0787992 0.698566
0 0.7875 0.0356473 0.05 0.0712946 0.733393
0 0.315625 0.0694184 0.05375 0.0938086 0.739862
0 0.499375 0.0881801 0.04375 0.0712946 0.755902
0 0.5925 0.389306 0.045 0.0769231 0.758086
0 0.84125 0.097561 0.045 0.0825516 0.758784
0 0.305 0.212946 0.0425 0.0806754 0.759097
0 0.07125 0.183865 0.05 0.0938086 0.762736
0 0.525625 0.141651 0.04875 0.0881801 0.763411
0 0.03375 0.350844 0.0525 0.0825516 0.763755
0 0.283125 0.148218 0.04875 0.0825516 0.764563
0 0.101875 0.465291 0.05125 0.0938086 0.766816
0 0.148125 0.152908 0.05375 0.0919325 0.767275
0 0.959375 0.334897 0.05125 0.0919325 0.769802
0 0.428125 0.0300188 0.04875 0.0600375 0.773468
0 0.24375 0.288931 0.055 0.097561 0.777028
0 0.65875 0.169794 0.0525 0.0881801 0.785015
0 0.8025 0.530019 0.0525 0.0956848 0.787677
0 0.071875 0.0562852 0.04875 0.0825516 0.791908
0 0.16375 0.494371 0.0575 0.0994371 0.792441
0 0.589375 0.101313 0.04875 0.0825516 0.793868
0 0.1575 0.0393996 0.0475 0.0787992 0.794594
0 0.773125 0.355535 0.05625 0.103189 0.799241
0 0.564375 0.188555 0.05375 0.0919325 0.802881
0 0.326875 0.483114 0.05875 0.106942 0.810321
0 0.445 0.545028 0.06 0.114447 0.820532
0 0.715 0.777674 0.06 0.114447 0.826997
0 0.12875 0.778612 0.0625 0.11257 0.832299
0 0.546875 0.472795 0.06375 0.116323 0.836986
0 0.176875 0.575985 0.06375 0.116323 0.837265
0 0.255625 0.848968 0.06125 0.118199 0.838378
0 0.898125 0.487805 0.05375 0.0900563 0.843138
0 0.953125 0.718574 0.06625 0.120075 0.845804
0 0.38125 0.798311 0.0725 0.121951 0.855859
