0 0.567871 0.517595 0.114258 0.228739 0.445393
1 0.927734 0.459677 0.144531 0.282991 0.453239
0 0.776367 0.459677 0.0878906 0.162757 0.504694
0 0.865234 0.03739 0.0683594 0.0747801 0.62209
0 0.601562 0.568915 0.103516 0.193548 0.698988
0 0.527832 0.469941 0.0966797 0.195015 0.787487
0 0.320801 0.177419 0.0908203 0.143695 0.791594
0 0.92041 0.475073 0.141602 0.290323 0.830438
0 0.364258 0.531525 0.123047 0.227273 0.836218
0 0.727539 0.188416 0.115234 0.209677 0.843762
0 0.0634766 0.167155 0.121094 0.202346 0.855556
0 0.864746 0.246334 0.112305 0.202346 0.874133
0 0.151367 0.457478 0.119141 0.214076 0.887652
