0 0.311667 0.531875 0.04 0.06375 0.432378
0 0.18375 0.434375 0.0491667 0.09625 0.487201
1 0.120417 0.401875 0.0775 0.13875 0.512279
1 0.264167 0.385 0.0466667 0.075 0.517833
1 0.183333 0.43625 0.0483333 0.095 0.5279
1 0.489583 0.396875 0.0558333 0.08625 0.569282
0 0.491667 0.400625 0.05 0.09625 0.583403
0 0.950417 0.42625 0.0625 0.105 0.600804
0 0.61625 0.379375 0.0608333 0.12375 0.666093
1 0.8375 0.5375 0.0916667 0.1875 0.675954
0 0.27 0.45375 0.0433333 0.07 0.696469
0 0.335417 0.471875 0.0458333 0.07875 0.70942
0 0.865 0.409375 0.0616667 0.10375 0.764062
0 0.775417 0.443125 0.0608333 0.11125 0.778354
0 0.12125 0.4025 0.0891667 0.1475 0.798774
0 0.451667 0.5475 0.09 0.165 0.835006
0 0.61875 0.505 0.0791667 0.145 0.838175
