0 0.912109 0.118992 0.0304688 0.0504103 0.424496
0 0.204688 0.889215 0.253125 0.221571 0.425917
0 0.4625 0.393318 0.1 0.186401 0.456905
0 0.41875 0.0674091 0.0296875 0.0550996 0.494425
0 0.533984 0.123095 0.0429688 0.0750293 0.498324
0 0.655469 0.426143 0.08125 0.177022 0.513605
0 0.731641 0.38687 0.103906 0.239156 0.549015
0 0.573047 0.0849941 0.0382813 0.0621336 0.568318
0 0.460156 0.0627198 0.0359375 0.059789 0.579664
0 0.488281 0.114889 0.034375 0.0586166 0.591392
0 0.504687 0.34408 0.0796875 0.158265 0.632148
0 0.546094 0.78136 0.084375 0.188746 0.657759
0 0.533984 0.19109 0.0507812 0.0937866 0.729723
0 0.58125 0.137749 0.046875 0.0832356 0.746513
0 0.739062 0.116647 0.0453125 0.0762016 0.787218
0 0.559766 0.307151 0.0710938 0.128957 0.799735
0 0.682031 0.172919 0.05625 0.101993 0.800403
0 0.646484 0.119578 0.0617188 0.114889 0.81646
0 0.605859 0.199883 0.0601562 0.116061 0.818028
0 0.822656 0.712778 0.120312 0.264947 0.826683
0 0.116016 0.47245 0.178906 0.400938 0.827316
0 0.672266 0.763189 0.161719 0.354045 0.847667
0 0.429297 0.627198 0.169531 0.339977 0.865382
