0 0.292917 0.370769 0.0325 0.0584615 0.404509
0 0.516667 0.605385 0.0683333 0.18 0.410583
0 0.0158333 0.425385 0.0283333 0.0846154 0.425106
0 0.08375 0.41 0.0341667 0.0661538 0.437826
0 0.13375 0.413077 0.0358333 0.0753846 0.442358
0 0.21375 0.473077 0.0725 0.155385 0.494391
0 0.6775 0.346923 0.0383333 0.0784615 0.495107
0 0.571667 0.42 0.0366667 0.0769231 0.563234
0 0.330833 0.488462 0.04 0.0876923 0.595208
0 0.444583 0.446154 0.0458333 0.107692 0.60672
0 0.0708333 0.575385 0.045 0.0953846 0.636504
0 0.642083 0.478462 0.0475 0.123077 0.643773
0 0.490833 0.453077 0.0416667 0.0969231 0.668759
0 0.0441667 0.470769 0.0383333 0.08 0.707164
0 0.12625 0.530769 0.0508333 0.12 0.720684
0 0.422083 0.625385 0.0508333 0.103077 0.743371
0 0.234583 0.468462 0.0575 0.14 0.764354
0 0.862083 0.426923 0.0575 0.124615 0.770508
0 0.533333 0.479231 0.0516667 0.109231 0.794938
0 0.947917 0.381538 0.0758333 0.175385 0.837041
0 0.17875 0.489231 0.0808333 0.187692 0.842025
0 0.32 0.646154 0.0833333 0.190769 0.86463
0 0.762917 0.616923 0.174167 0.421538 0.881927
